colsample_bytree: 0.5
gamma_xgb: 0.6497172321084626
xgb_lr: 0.03
max_depth: 10
min_child_weight: 4.649065854236865
n_estimators: 251
reg_lambda: 0.3983799524874242
subsample: 0.9707244844472132
nn_lr: 0.0001
balance_weights: false
epochs: 100
weight_decay: 0.0
