alpha_1: 14.995741501879344
alpha_2: 2.2536652353710327
colsample_bytree: 0.75
focus: 1.704047959376208
gamma_xgb: 0.5307743808889657
learning_rate: 0.89
max_depth: 1
min_child_weight: 6.629941041915124
n_estimators: 391
reg_lambda: 201.70063065960787
subsample: 0.8806413133353306
C: 1.0343874397464525